#oto generated by Order: A Python Tool
#raw data
0.3258130876802313
0.6393381843940877
0.8573691980288705
0.38466835566722835
0.872947859981431
0.6779665963426333
0.8659630228559013
0.4803169017255732
0.61163536055696
0.8242578874690756
0.6620319303520037
0.9542066048343224
0.7566032949552812
0.44206520807802985
0.36535887687311575
0.8550481645546523
0.566255114195936
0.7089492131917903
0.6020057104380336
0.9029854099605911
0.7595577017653535
0.8364714220863658
0.3987003202955144
0.43747673431804623
0.8037152857930856
0.9261523593709431
0.794586983351917
0.4823655404837217
0.6982784736038323
0.4925196692766979
0.8671864793534674
0.6529735714191323
0.6645418794185698
0.5941824604831624
0.8622096249300109
0.740240913798571
0.76242700832609
0.6466412505149708
0.9657865037868636
0.8534737989258817
0.7494504625646601
0.8623912502882513
0.4158680228401386
0.7708591418286703
0.8935023294162892
0.4983490336748835
0.5610378027038578
0.4734702517665855
0.3850425038335119
0.5776602192366436
0.8562812164002115
0.8846093226421137
0.6142258126383269
0.7222995093031456
0.7322509626989917
0.6890970883851872
0.7118182474508429
0.5860659367795893
0.7389937088694397
0.506684752940218
0.7338366742530866
0.522752526559544
0.61803900292281
0.19006950792972288
0.6681769680119471
0.47999126851844154
0.5864395862520044
0.75589751383436
0.6805563271362993
0.8174741944151399
0.6378278783317461
0.6323493817793306
0.7461200614220022
0.5149404412137343
0.7055388675953843
0.801316638527773
0.8349086920496497
0.7160728154331997
0.44082685002228705
0.8230987297795692
0.811360549739293
0.6001023052761323
0.8306868985994813
0.7310238654960972
0.5027574403811208
0.694123509277366
0.8868840908579353
0.7586777661785191
0.873319830935788
0.7050726620520724
0.805895457736111
0.7937740090042766
0.7874928070555428
0.4279236552599517
0.5940979465930926
0.9294842487615543
0.5602516148663426
0.6876428896992212
0.6750228202604869
0.8574955659917839
0.6581595091497124
0.5017108132922368
0.4522748040008806
0.5828988545956748
0.936201638626359
0.7974828166357253
0.754768548924012
0.7166856411658334
0.7798684231098651
0.4487460845148806
0.5616082916134857
0.23986595462858085
0.8257006805389387
0.5735289200600187
0.7626389931570839
0.685899672576243
0.5166540440381707
0.7164497516216082
0.2796457926617575
0.823400477762254
0.7841797012153354
0.5407051323246101
0.3867444118075347
0.2611121000271436
0.5225908347886156
0.6621612552398883
0.23473800887113383
0.863307474664523
0.7646929691691892
0.6541464307598321
0.6806614300677778
0.5554621248828946
0.7837650902386699
0.5912056576220641
0.6635159237787712
0.5507852901971206
0.9454258754319703
0.9697185129982708
0.8013149286680665
0.6682906433963518
0.6287643533638703
0.5929124616924473
0.7765227977565473
0.5618532240065777
0.5903937654872422
0.37955593574351365
0.8363098187115966
0.5895018392981721
0.5956976423724311
0.9274769119151514
0.8144462611077502
0.8141539471525958
0.683602146463371
0.7654182729433214
0.7122586206631831
0.639124730776319
0.417117139372013
0.8540268475092063
0.7947757240997492
0.5886333176780937
0.817852431407291
0.8809124422096779
0.5748770842649463
0.8130717967851062
0.7371236319045131
0.9197225640443593
0.5860261503802946
0.7452055832715607
0.8344571174313111
0.6781945027383285
0.6506440063286927
0.6717915162007273
0.734199859422001
0.5490962942496819
0.7767022319536556
0.3167677210311892
0.57071317664986
0.6199351068304104
0.767284271195822
0.783433831601837
0.8407989707728128
0.762522312486045
0.8517033096319786
0.7053254984160342
0.7623704323905556
0.5532415928616745
0.8308442530865372
0.7766664299343771
0.7753163006070998
0.7214908849651179
0.7584262612461316
0.5787363344794805
0.8017225243806034
0.6110110100125634
0.9357502044534912
0.8750933168982817
0.8251893487505024
0.7339486107799686
0.39868547793831755
0.4735927117678085
0.6684887872810881
0.7070037343702464
0.7884466692511594
0.685494744435758
0.694122210669984
0.9270727268297914
0.8010912180057496
0.9709719792524698
0.8737173166546557
0.8814268040072234
0.7713022330429464
0.495224589333219
0.8074822294204231
0.5959040705673455
0.49927603222429917
0.955487246287781
0.599506484700703
0.8414821196221418
0.7779469176040565
0.2718472072500736
0.8256253102160822
0.7156684154728622
0.8124992665178932
0.5881765086800244
0.7693332373497083
0.56298842756762
0.8967266489684714
0.36192360528302003
0.7055835606940564
0.6302541457851208
0.5978890081741641
0.5968166265778718
0.9039424001196416
0.32635827654102867
0.8798818246136969
0.7285296625179034
0.8984933941032394
0.4462387003108935
0.8574148343464117
0.6657630423876606
0.6961769149633361
0.811863665410647
0.35979886234752334
0.6632498278145016
0.670348148889092
0.6454873918724903
0.7221021754166572
0.5592808398004467
0.4055077252654242
0.7078607004628052
0.6923877622322507
0.8988013859578375
0.3869956468261798
0.7310857216523399
0.7117002437869482
0.9190569836429004
0.808298262896082
0.7206622207512499
0.9811438286790986
0.4716974008795144
0.6908089204861341
0.37933396410565856
0.7212213728282384
0.39187092709545623
0.6743280376333618
0.6417047825278379
0.7402958100974011
0.8022741134003031
0.31374613847637345
0.7911253920962096
0.6307177316800607
0.3210351431452175
0.5929169575643309
0.737864912707078
0.6283025132590468
0.7174367178037877
0.6306265274491509
0.7671932370261838
0.5635863781729634
0.48239307193843717
0.4136278664577594
0.7847664167204217
0.8830607791725368
0.8804046041202434
0.5165519181008615
0.5461644334465872
0.6313891560116446
0.4282255597593938
0.5908423528412369
0.7022675100853943
0.716496276041297
0.5940195843953877
0.5445142973574786
0.2916490016287413
0.7674012458446493
0.8636362818597156
0.8553331128257401
0.3282824490097145
0.8022825063012861
0.5986133719428514
0.9154258134094807
0.6942964379462386
0.384448732372475
0.5843366112500471
0.881388941486046
0.5163106431850737
0.6226055800780219
0.8403904884978199
0.7986120622985375
0.7194570359619044
0.545767647775496
0.6031591942416957
0.8508302657101288
0.5316679012434733
0.8061606326535865
0.6079119071100458
0.7744547434297262
0.7240911260661211
0.8898673774865521
0.7931582679793625
0.7774080684528588
0.6754732980176393
0.8975852765341057
0.5642610590966115
0.6797012206155402
0.65918569668788
0.7293057674644199
0.7793131847304602
0.7165120400261269
0.7633054324319422
0.5618221640817576
0.8341824005091132
0.8040250279944796
0.7957543998343601
0.816371006546863
0.45340711464972394
0.6682464424396048
0.7931088004099267
0.790181635520657
0.7382295593331223
0.7839314202948536
0.7637827766472909
0.7657238151016572
0.7153817672594643
0.401676259576651
0.7875393577689705
0.46544369144326536
0.8667110686145294
0.6818286590181619
0.4181949570948902
0.7973219150846115
0.8433421603730726
0.8866988787946134
0.7830131141142419
0.8822426063385034
0.8731350158880352
0.8893742568026101
0.8393560307542984
0.7294116734789738
0.780187792960982
0.7145133665347713
0.8588216729813687
0.6799604666254115
0.9044125329864023
0.7074400082654744
0.7081130299025067
0.7894659561159205
0.7822166178027439
0.48648762582051186
0.44931774956873705
0.3210614021730873
0.6025759223565563
0.8485489312372161
0.7614837160422911
0.7907824491758529
0.6629828012750537
0.7529065071528325
0.7533201121822823
0.8047507656507444
0.6490340322106705
0.8526648868332954
0.42377142466916606
0.6714525380606597
0.5896220666862505
0.6421649524964101
0.4509682566394646
0.3406701527820436
0.8072540742028294
0.7209043095889409
0.6215147848224692
0.6882121929353302
0.8849745264852618
0.638731513210064
0.2912815858671123
0.6808480464013091
0.6432377979254225
0.8470570282794341
0.5576937670142288
0.7989078588244154
0.6939416064090898
0.7978213505938822
0.7263619479363101
0.880710264565745
0.782192258670877
0.4922549154069681
0.6265405787531897
0.769879020890065
0.5713028666988759
0.7749010387599599
0.4395873471213887
0.6531360350708584
0.4777064025301363
0.7488620403952175
0.30624431531143825
0.6612158041932116
0.7339228280993427
0.8742352299042958
0.9011999116015351
0.5115121277000445
0.3699239769170892
0.8703551684618608
0.7325645338964598
0.7987724143772212
0.9193447930470553
0.5754004009294131
0.8503060213777187
0.7810065373658222
0.631993440363366
0.7632175354351811
0.6628243739238128
0.33292845671365145
0.3161073616505329
0.4819293619099879
0.4983957970907047
0.6294056680183807
0.5379060558652784
0.84655584662147
0.9566056884489753
0.44003936843375113
0.9213946094926396
0.34830488348708777
0.8437288714017617
0.627001967855441
0.5295789260361435
0.47785169070496425
0.41275115857450095
0.449123430448202
0.4852683496418809
0.8636814402203714
0.8815990266716854
0.5309653919666634
0.8823479156917354
0.6586967511740327
0.6610352954801858
0.5876611938912134
0.8030542341078881
0.7218003554830228
0.6114438546010117
0.43909645913571527
0.9081046993506556
0.6301748723097083
0.6198364674696365
0.8335674906213932
0.5147236209181257
0.7369126742925651
0.8960645564190366
0.5962108351773151
0.7557396530812017
0.8505193774706372
0.9516015021142324
0.641759339376399
0.8220374864392561
0.7399392078462608
0.7166932963523294
0.9101654078095633
0.7789774268178139
0.9477495727488656
0.5775870885490819
0.8998549569754394
0.3402812976610401
0.726084729847721
0.879167750679547
0.652171196187985
0.8882736433523178
0.6292623489034328
0.6790667184315277
0.7268036129112301
0.9142226742018176
0.713960820243504
0.4503796008635761
0.4731891095964854
0.8788454987007701
0.8031578755814939
0.9114458935361218
0.6455109088993594
0.4684618539108881
0.35420872932895664
0.6670447519289995
0.864008688603753
0.6537582005415387
0.626594681509162
0.6304858257912749
0.8428159956423745
0.7547375088502398
0.8886927963590763
0.6963336991078899
0.4946029607219189
0.5698091141919834
0.8159152845219246
0.8800985522468254
0.8760579271353737
0.8899891237384095
0.7403958979363492
0.9428268520655284
0.8927929833619634
0.6976583116863111
0.7927097401446258
0.800089117203257
0.6297461515285687
0.7958147841790554
0.6671310722481921
0.767392996224223
0.5940507158583984
0.5305955951006378
0.7458649919342264
0.8422154818888727
0.7392756574570254
0.6642101681183321
0.8487780241224643
0.5427118157127153
0.7765436479692145
0.8533268533538184
0.42052476029878905
0.3881956585929074
0.5384198447511097
0.4497248133408298
0.9193184029601088
0.6024009606746772
0.6830340924918874
0.8912356863743006
0.660714609397571
0.6483356245165977
0.4643028984911326
0.7324721423843522
0.718026858671629
0.4885457851750885
0.7748389920112574
0.6453305016544816
0.7081156160169875
0.8817477459008806
0.38921768541950785
0.7774511929298996
0.5545739649139594
0.7931731345450079
0.5882111909115162
0.5916892179887172
0.5561791956256084
0.8836970814268993
0.7862218532678691
0.8406528223242004
0.6317666846718575
0.4189330045430677
0.8085848246404224
0.7650570650376431
0.7439552938938463
0.8583266155985384
0.8214104621311502
0.13992656828265138
0.8906129804000767
0.4437744152708676
0.8437857148685557
0.4637279379747292
0.8706908600491696
0.7668594476152242
0.7997123747632627
0.8319336786786977
0.9585697707673506
0.4870104819702865
0.7788379025653479
0.6988832704862196
0.40358706926687726
0.9583540411632862
0.567670760019748
0.6749020340253238
0.7863478162428269
0.8110939178273627
0.6331437949810628
0.4851723548890775
0.7607285039180538
0.7598072266644025
0.6682687698603789
0.8111371442439387
0.922139148943371
0.42892272513124907
0.4559014138530486
0.8167804946358073
0.7281297952671878
0.5099408102093494
0.8463532435159198
0.6449540628180719
0.7294431668625674
0.9573731905237393
0.8286779905923319
0.8135726472592536
0.47724074521074067
0.12868246355115476
0.4407623794500022
0.48414475859862527
0.7213997643561813
0.775125619125369
0.40651084853985053
0.6700418546938411
0.8533990576542518
0.7746726542002329
0.9199887730780992
0.9262070263369064
0.8513300429419101
0.5315198926909526
0.7625061046206987
0.49914332982877374
0.808814689766469
0.36733611811556677
0.5772932225307018
0.7988144589409029
0.8411430694396276
0.5160451996480347
0.8022141155532523
0.5559178288935531
0.5171075699243199
0.6047341693050078
0.4171237351794417
0.4085508132525677
0.630962768818083
0.5102505944807535
0.49013970649170835
0.5513791683127538
0.40479918995094033
0.6666776060050852
0.6238702635948581
0.9187227880955344
0.8790317268841589
0.5585482575641334
0.7924742656616928
0.5977705114229047
0.5259382891338862
0.3087467021014618
0.6047463804477103
0.8582010551908866
0.705616788299195
0.9340156218658378
0.73816418098634
0.7146838093791816
0.7809637136540178
0.805680003247326
0.4472938659315032
0.6211558529439798
0.719898992338338
0.8093522982910073
0.8378810155823482
0.4666908227243959
0.8390739222381914
0.8202502432108392
0.746637327014098
0.5972108470283869
0.6386692321517774
0.7454071896860823
0.6263561702660628
0.8405893184323663
0.4009268329924157
0.43049972284018323
0.8402728078815094
0.6964547012556056
0.5866698159046968
0.8288802546662557
0.3252728326486607
0.6210243624000947
0.8991912071409703
0.6314505710275327
0.7790925317235102
0.7988725348701977
0.7285801200335015
0.852164276663878
0.6911773530721907
0.7840920475319612
0.5559786465925503
0.6498836295850865
0.8460000427913337
0.8059957338873334
0.6975263557973757
0.290708913045425
0.609819208457931
0.621009191380121
0.486044536416106
0.7115025598009681
0.6829055959440614
0.6898588461862172
0.7538556769223712
0.3894484656992182
0.7461763111348794
0.6002901550293633
0.4047944277443898
0.6620088486944364
0.9120648378978737
0.43297193009193247
0.6919400897606042
0.842592074678032
0.7216236460949643
0.6093418798594563
0.8425326620757486
0.680738832407751
0.36814622080116355
0.7196319614956386
0.4844234834902529
0.8649382985934099
0.7738244387583216
0.6944897698490999
0.9180686741335935
0.5069552824080497
0.7439218323625613
0.8932590384802392
0.873712948424529
0.6344108893935314
0.8702010887015867
0.8233976622074451
0.7719813778194404
0.5696830767313786
0.6607345344098188
0.6977752300183663
0.41842526487627585
0.87377647725404
0.6654113855080313
0.6777806827763497
0.7975207196974546
0.6936865531172096
0.8071407953525509
0.8897998115453953
0.6512175303354509
0.6533689211979794
0.30328158000720273
0.6250489705727731
0.6960132216465956
0.6611034193796607
0.7500987645957681
0.8709948877468459
0.8892701097503001
0.8827021402253623
0.8940651102684449
0.5749610491987638
0.609246363604424
0.812717418552696
0.6346699516145322
0.6686531726273699
0.3987448443788123
0.8202303624985524
0.5103616015862336
0.5485904687630017
0.7492333689901634
0.7933175994320211
0.5505314064529634
0.19377285572541125
0.7847290431960643
0.49460910922229173
0.8381951105821747
0.7308979839515322
0.5813701326232699
0.7684515486039444
0.8246835963048654
0.7476081830047607
0.6272266783024569
0.7218064349202864
0.8788749845640896
0.2913444140957855
0.6190206665047953
0.9027293235183165
0.26213152408358875
0.6584159381817172
0.9775233916756343
0.7223416747105768
0.7412942353175378
0.5328804171082875
0.8581723608499445
0.8282262321575256
0.6796658518273759
0.7634532519315121
0.5341892114605871
0.9491634389226148
0.70540402600444
0.569708909050186
0.5263407926232626
0.5301628447625395
0.7662932966151056
0.5285741864968512
0.5753237678991431
0.9485870295262081
0.7060360373556182
0.9623743931077521
0.7415458301256046
0.826020293999741
0.581068321738933
0.6701395619757772
0.8198039999993297
0.5627846083916922
0.6800787911511539
0.7640264871538878
0.7925324482812733
0.49167547729638683
0.8702736638816313
0.7208999588681693
0.6359936366765259
0.7015617629436492
0.7318905487680968
0.523060767407328
0.7825296137461126
0.8324712131800862
0.8236055618123508
0.6382930286517773
0.5645850936237744
0.47868122810615754
0.7883745801959827
0.5572093050852154
0.5278119865970486
0.8666108675339532
0.7670176678112202
0.6845991133343723
0.7862450458613368
0.7778308638073371
0.7093672987871434
0.8252495671930807
0.6452046059102325
0.8695771075448377
0.7467218264727842
0.4301658830277687
0.7590314215541719
0.842277687456544
0.8152567876480185
0.881975857937657
0.5057126102139411
0.6803120587663352
0.471172011897547
0.8597974132228847
0.5250617221050675
0.6574048424855783
0.8478060382707071
0.6347710066046509
0.8298928413897894
0.7890039289262156
0.7836986434000857
0.6423686484415145
0.6998300959156102
0.7638682676778101
0.8948803927005975
0.7774690198251397
0.5353831828603257
0.8511485132435523
0.8741316783208551
0.4336284951625411
0.6923592105888795
0.6572619927599148
0.7284679460305492
0.9316072671447653
0.3957364427332899
0.8540985582649399
0.6585281871550241
0.8250237290250955
0.8812241775402029
0.6791104175153507
0.7092543663897286
0.7688184551121193
0.6464620217087206
0.476500072775748
0.9471252633453339
0.4475774190714916
0.5274645916243661
0.6437667865912451
0.9076784946975008
0.3866226006497675
0.6936708681578757
0.6948578808338239
0.8938847326821859
0.5043494188736963
0.6759523600852528
0.9623727353786539
0.7895409314008917
0.5566312343804061
0.5209301710401836
0.5990768966678008
0.7655560515915336
0.05912478635196028
0.7044592484717954
0.6313473832722749
0.7043137513467027
0.7748175023230556
0.8490273112731409
0.7143256495156838
0.5608295205802489
0.8735864323559426
0.8197746667862474
0.6672136334876344
0.732788570851009
0.4799326268966492
0.7726315579875744
0.5818660271563362
0.649577263626029
0.2967649810015782
0.6714467196688116
0.7255705591991605
0.6163666298147189
0.8627563283984742
0.619116589831588
0.6317427548046832
0.5502699375947997
0.5161335245517584
0.6710881839283352
0.8886478094654635
0.8080939935273559
0.6419093648790909
0.7853971300116933
0.9382110646644198
0.4668688612655514
0.2775325542285503
0.9493669561278465
0.6994980055971755
0.8618553316374167
0.7760233522689179
0.5541297248235186
0.6900401132242956
0.8033455128300476
0.41295582916157536
0.7206149055894584
0.7692436990222803
0.6823404373363003
0.7557704174485065
0.6684087828255918
0.500830838230113
0.46209673985805433
0.7862538431518897
0.9099045536329621
0.6929831004426512
0.5227041619933237
0.3131521591236379
0.6664275019019195
0.7075954949055503
0.7721786108248035
0.5799064547887521
0.5608353030976642
0.8253199071724652
0.8132375654190033
0.41889714554589497
0.6966460023807136
0.7721666998617259
0.4825022721607948
0.6141717814751975
0.5094719435420665
0.7141119169235237
0.7481721358771748
0.8986654423650279
0.8082468634062989
0.4291526919637968
0.7945766368452563
0.668408582610668
0.6477472100193307
0.7156877829867452
0.8124545074749071
0.5391047620120287
0.5057887512035739
0.8809053629188703
0.5820589773287452
0.4455718254387102
0.9207398620986871
0.8546028487924028
0.560317249994359
0.9493979185789165
0.8644457266986528
0.4272398815443932
0.7451982872940822
0.9033427253060127
0.7202361266826276
0.7728903457582944
0.7117024348720403
0.8802473685418435
0.8480013326169107
0.6612007623924067
0.47891106546041096
0.6736410016619587
0.6926974555176915
0.4657253482621364
0.8261668327303406
0.6804090050719758
0.36072415400287405
0.5415019567696312
0.5620162589182165
0.3468916216016291
0.5875102797218271
0.6217821966580794
0.41277186573382585
0.7537257420561261
0.8554808499292478
0.7315039376662774
0.5768985039135368
0.547807663157636
0.5143290137184272
0.6720648633464859
0.41512655173193846
0.46520053034395925
0.8952766831060751
0.5330195500733832
0.8649885208512262
0.7154227163354796
0.625661970211025
0.5643795847657258
0.8726204424396872
0.6798727174048164
0.4406097078789811
0.8689368268821297
0.5886908333286802
0.8414036567017734
0.7599143592789568
0.8960721653720641
0.6616149994824388
0.5847426349498138
0.9091667351074937
0.7222025817490048
0.7204826906913335
0.6961770168318437
0.46624054507329593
0.5754786990195655
0.785335938111733
0.5504703452173779
0.8299741206492102
0.7985572094977365
0.8092574117458677
0.9162144717987543
0.8372814784127453
0.36798056366271514
0.7417150469644931
0.8892573571186135
0.46494584690766194
0.7946308966636522
0.8715166709535267
0.8106414658839003
0.643500252208661
0.5065394675995262
0.8550023892042297
0.9797673690936428
0.7863849295021006
0.8469714191146217
0.8126942087365244
0.649239177930064
0.6455406653014869
0.5881922236210566
0.8071164910451936
0.6954678925772226
0.6217152256215153
0.9812497030304415
0.7267095317900871
0.8731512910884891
0.7072465574102049
0.4383347510417681
0.4078732293956062
0.5008728420965899
0.8212179879079351
0.7158612803689043
0.770125262718484
0.739898990907411
0.44654762813714355
0.4941481914538086
0.7830558451578012
0.6871748661950916
0.4830884736996006
0.45892325257569966
0.8741652694266353
0.5658511187470736
0.610810454149945
0.8327434073919345
0.9041094959209509
0.3590937815857711
0.683762889449438
0.8221673718682426
0.9220187674184733
0.7895499484333389
0.7075343139049005
0.49492837435010495
0.7982997368900568
0.33125739274634447
0.5224329992993912
0.8140867718093245
0.7089780817972302
0.7191650884082575
0.7611304786028034
0.5129856554662848
0.8628585727856429
0.8106510915131842
0.45587900642610124
0.8862825619518742
0.4646542426164063
0.913972461035248
0.3581051968167296
0.8563341548829875
0.6471809151222153
0.55869248958387
0.7679338555326702
0.7027696144872017
0.5537563864790955
0.7025480658407335
0.8308074908743684
0.5352865133721721
0.46775540852569286
0.5249932149958869
0.8218004994727403
0.8363655231717196
0.724720479455849
0.6413696550644568
0.9606242755506783
0.8064804118945749
0.7274228367122291
0.868484519978514
0.8468742208845608
0.5398446347312567
0.8513201704611136
0.8914212728030513
0.6652450686593523
0.7562445121346865
0.5480062307389417
0.8277465719350107
0.8557047289682846
0.763348311914408
0.8604152431964643
0.8585773186827501
0.6273739615264197
0.5605037994502131
0.604952182545043
0.8470617934792899
0.5450885845845794
0.35259320335623023
0.6965031934680065
0.7675992841129597
0.8851246469594165
0.6007910126609184
0.5754192914078351
0.493849204812982
0.39940281848327475
0.7941153700458699
0.6338743549028734
0.48164830020217275
0.5041417203364178
0.7751861292775346
0.8834502503326529
0.8457548345167818
0.7559418949848187
0.549596214682082
0.577002280258209
0.707872464957642
0.5938156125473782
0.8755600130930051
0.6711383820964402
0.8816718705425911
0.8567961372463887
0.8523559747751335
0.6244929720053205
0.7573098733786435
0.9544960532259665
0.5419482052013946
0.7961437522540799
0.5070338999157132
0.7554925953360704
0.8094618906488935
0.5694090971136189
0.5946497576424363
0.7699536703844845
0.8839109499305424
0.5024096330925271
0.7681142352815782
0.39775123218197883
0.6203663016132479
0.6025482583846051
0.44223977251780244
0.2955497859843125
0.8025741740713455
0.480835080633051
0.9346489154613843
0.6810715625771304
0.23367964406355424
0.15650312350804485
0.27759837551426036
0.17965871060327676
0.7792241488480648
0.6363566594340327
0.8975728700606651
0.7902404924944064
0.7481178417052623
0.5710653647505123
0.6192206436620554
0.8399244947661677
0.6533313514453718
0.6720188730061916
0.5593879187608702
0.4183237694891593
0.8989057733341611
0.7340711656114131
0.6789272819658658
0.8810291284254024
0.7695238461692712
0.41314806571211316
0.7303028552684971
0.8676858584006559
0.49297733793446485
0.5521821222714938
0.6062833136764794
0.7683029254460262
0.4623216685784378
0.6083701548168441
0.5509642167995441
0.3097111844797874
0.6344047638897059
0.8274987590330718
0.9276808881095172
0.5442537525511182
0.5828283113258321
0.6893038372940968
0.6488651766645881
0.5360804643467538
0.4652805494433472
0.8641710912808374
0.6494100653553776
0.5026419447098109
0.8992502566429348
0.6806607663115611
0.8643662806371928
0.6579044441007135
0.5450883029681494
0.6966978539934219
0.5691023892438307
0.7412880001235818
0.1996644104888019
0.8973370662262187
0.7666397557478735
0.6443584758596212
0.8183712799750225
0.4898559925672905
0.6579985716462065
0.8138056972105397
0.8369572337518032
0.4755730248140768
0.592749437463427
0.6534637132433823
0.7502704000800023
0.5274479783695084
-0.00866703333625285
0.6828663326984971
0.8873599630691666
0.7376858078683652
0.6393478380444654
0.8221955670539448
0.47868688391671055
0.21822712802226363
0.8571053248819855
0.8353676202964851
0.6566103742750413
0.70354908726023
0.53339111328583
0.4055430305455324
0.9360785710015772
0.5349164660876857
0.4631855705737937
0.740691207662507
0.4905308986065351
0.596005736998739
0.7571349811953171
0.36655468360628407
0.6794542079767697
0.8219376764147375
0.4575412001418052
0.6176379899548975
0.8804545116049488
0.951435229698728
0.6144354144149593
0.7603927769163055
0.46044108204453216
0.793953998519646
0.8200010019792348
0.5061837161892908
0.8211389396415407
0.375074712098343
0.798304697187765
0.7270855770499547
0.8095985336848899
0.9212698501661709
0.776067221208104
0.7809672804493355
0.8983316827824858
0.6256047055667989
0.7274968117445456
0.5273005848253375
0.5351849847799925
0.5507641742719032
0.9036995658748002
0.5539452515456749
0.416394431717499
0.8619235399607563
0.9013927064818168
0.9341720663002095
0.6967408934350798
0.9750001457599308
0.7484228227578389
0.6591908474251595
0.8430641186712616
0.4436131304475268
0.6951527003789733
0.626956165271027
0.8096648774587178
0.7646220826976
0.893681816767585
0.7468858489401631
0.7053894008898061
0.9200214467548385
0.6149564984960022
0.7433805576557868
0.45084130491602636
0.8711476222426829
0.3620272515790194
0.2357353896790253
0.5227161202641272
0.6419400234129462
0.8919232364649293
0.7295005145767735
0.5406098546577662
0.5206373931310665
0.7378258668460458
0.6931970171196196
0.4514056443394392
0.7632131540150164
0.8180386812176204
0.6159223946347308
0.8366576988376888
0.8357994549172125
0.8274971313733468
0.7252180643581763
0.47000869909202225
0.7944543042551302
0.7837015170421355
0.8384300118540698
0.6058613455621698
0.9213719508425332
0.689077246444254
0.389846922426927
0.7440920168124207
0.9548799854267114
0.7609112897852975
0.8134908139252655
0.7041944048505362
0.7605591438930154
0.6807536458006423
0.44985488435299803
0.8467252026757721
0.7636904940689067
0.9072224120392842
0.7766004285640015
0.7485403186366008
0.7202440530876717
0.7230394172736482
0.5948959447571923
0.9554277186312329
0.4924653843905954
0.6531967145622839
0.6213333502518936
0.9216379979012713
0.5078809747004543
0.6189934157199642
0.9672554031817634
0.8684668446793828
0.41796201128454347
0.6172389664530552
0.9202255467537505
0.6148682385827453
0.8732176168772912
0.5471166922558484
0.5770725351073959
0.7977804177537302
0.2934589474174836
0.6230167439116956
0.7455945810587308
0.7751919320122125
0.5652886029112663
0.6922030981540164
0.6712003751582132
0.7438928471169908
0.8295796349145316
0.8610969897467186
0.5483293151384319
0.9627686530811314
0.8858233638099606
0.7247830178215181
0.6561213389844316
0.566006279371324
0.7790654178135521
0.6780933318032812
0.6732721864607711
0.24924198968606226
0.5545080797552123
0.625129765995706
0.5780404193337767
0.751579340446859
0.77939222058568
0.7132209454190552
0.26317829002914994
0.5600550663537418
0.684598828058336
0.5478356437925793
0.9448402229797851
0.8071390056911476
0.7561230137016879
0.7095428039231734
0.7705632989789942
0.46724723807008983
0.5373754760248888
0.8731225292822071
0.9155277402556454
0.7381989461697167
0.9257308123981133
0.551633548537144
0.6012350730599935
0.8532210270013522
0.9446574573740469
0.6135477399589346
0.7705140323284281
0.9448471290894142
0.8649623318140472
0.733831168471049
0.8027680244790363
0.4906421408054381
0.6906035343756274
0.7936886821394128
0.4292690393749543
0.5272872351811656
0.8213977493984116
0.5887165408822265
0.3769574137826456
0.7691038344225447
0.646385648624192
0.7432338030646477
0.9045621649789584
0.8926691753581449
0.4873518035324599
0.5248416683303254
0.657283479988231
0.8882015586492521
0.8018889915364367
0.843225215853275
0.7182566459811135
0.6333122294754648
0.6914315640392356
0.491497379210281
0.5059370722516138
0.6862017895461024
0.43582723395783196
0.6644370630046457
0.698645155651908
0.702855390196823
0.8254921823626362
0.9123839954667112
0.6216359270967803
0.5721559170834737
0.9488559525711502
0.4442654442747005
0.5638179927473506
0.9291687181367203
0.796935995059497
0.44405872055202456
0.5131625615738715
0.9325121210451298
0.8677364835165702
0.3950002009235922
0.6488649746006274
0.9009867979218
0.6064658692854394
0.7126422848125935
0.3168090233919767
0.750597121092397
0.8333484882088269
0.42244669475781205
0.7717487727274193
0.8086646345123342
0.7743361179481141
0.7875589675304253
0.6739886935632139
0.794654111562548
0.9236754016141456
0.828048230793468
0.8025890152683977
0.5991672206620844
0.5283475034835381
0.94787114424727
0.9067133583211748
0.7448049308531648
0.6780672414978701
0.4467532846412703
0.42990599082596326
0.8669323459943316
0.61702035525182
0.7264993503510666
0.9080594790310399
0.7473471487669051
0.5395883828768463
0.7233241058604126
0.6802232850903999
0.851507144292291
0.7431516969716464
0.5843555887390522
0.4146173830754265
0.5827084337129014
0.7641205527947473
0.8336793501996983
0.5533129513292513
0.8238041589710716
0.8233476937145303
0.6384612581045579
0.851113998652767
0.8073081443511605
0.6390626764101578
0.6763310454395554
0.26734934418513867
0.8494031661942355
0.7683239429701956
0.46323939773164013
0.7544790023436179
0.8326451269682809
0.49672316035926234
0.7092068695044373
0.7562822325596416
0.6450940925111236
0.768934739984612
0.8629222504604731
0.5568368675326976
0.79809899338338
0.8310861912816605
0.43746589478998854
0.8453477296045404
0.381133894106622
0.7917076584614291
0.9087355137943184
0.8152812990757343
0.8538422513261422
0.8948845742478885
0.4552739965518371
0.7207952394620285
0.8008934975443983
0.6075989076128598
0.32872263315730654
0.5683621787685755
0.7828798996334555
0.9088095448999868
0.8690306947075183
0.750641463020677
0.566721500727314
0.8430200427540572
0.6772802247854637
0.9064910401946455
0.6208453067437214
0.6562562975017193
0.7403601394049568
0.8611206276510365
0.73029029451441
0.6662156552741371
0.513870046816427
0.07016772987121866
0.5606355168025712
0.35224588265215706
0.7392305410010136
0.5203623042486374
0.7115260035638508
0.6262788522726247
0.8820945389969759
0.717330373898589
0.8726298411518973
0.7935766056495446
0.5987501500222416
0.39547694957923696
0.5311516763766195
0.6743003609286702
0.8493171778514024
0.6758374877888621
0.7563267654329244
0.47205632525544106
0.781673486316407
0.8098752209278992
0.5058222060462535
0.9196177700193002
0.590464024655762
0.8925797735833927
0.7705128590165604
0.6115794804330089
0.30529425557399825
0.811838225567274
0.6107121376194014
0.7286837953842995
0.47300465638517075
0.7616101457715825
0.8975315912314045
0.3171861375416031
0.9282445664927058
0.5943879736064328
0.9479160519947444
0.8579907413273217
0.5305107355121562
0.8965210205549674
0.6924822916046482
0.6927931782207799
0.8936266376130723
0.49232219422683465
0.2703277998582748
0.6517124417873956
0.5766163211172813
0.6675462550794604
0.8681179058619822
0.9141445960246771
0.7539023133887659
0.8265775209266191
0.8390253217639858
0.8441910521236751
0.7250142214672104
0.546133016764351
0.6435886996830211
0.8865945981137298
0.7727352066926076
0.8535225281001034
0.6204838560256307
0.9203235977304064
0.9419575248530403
0.8353496674595406
0.46445591625260063
0.7894980482249008
0.35849757755063005
0.416786465677885
0.8319284968517875
0.8490501644057021
0.8804620818814868
0.6425763355216103
0.6951268400102937
0.9593021584135809
0.9626860020555673
0.611080248665506
0.5113296742839848
0.6464939772520666
0.5834996347768711
0.603203653919121
0.7299875216909113
0.621016260495147
0.5313249277770488
0.8453669420509218
0.8658215896270484
0.7689879395390333
0.6029937824951033
0.8245532800593823
0.6480988739676063
0.4033528569944259
0.7387300438358188
0.7907890333856739
0.7878304836548843
0.9485868648022897
0.9029905030525603
0.7712352785035097
0.6107796708344827
0.4683422486096336
0.6430828689233996
0.9029912370190971
0.7054477356441792
0.634818624456763
0.404762485332554
0.7039645038051865
0.7971667778114376
0.8888300355093484
0.699363532446181
0.812440082594712
0.3947758181767046
0.7701710827695953
0.8182894103529226
0.4303725810056842
0.8092455372740779
0.7648127273260061
0.7956665341967019
0.732955656238915
0.6253045226491751
0.8144480486508984
0.6420888015763049
0.522914343410678
0.8282743836953405
0.8254317832956134
0.5614687087644936
0.8127616503023954
0.7133467185641378
0.9200338022372978
0.873775108803692
0.9524392038100731
0.7794669153833163
0.4999683360957421
0.9090465588905972
0.6866508684821383
0.8315948880546387
0.6222555912733752
0.4957984507632135
0.6852202572680101
0.7260795312190262
0.9093835015756405
0.6693824867632439
0.43552388132175734
0.8195360640998175
0.9807723610420207
0.826228064045061
0.8157900052455435
0.9218326972158232
0.7165974338477278
0.806460475402913
0.7471731601083396
0.4281954792421162
0.8135172315615145
0.5972059109794852
0.3678705897875326
0.7168612270319268
0.8866082740033292
0.8593510352483041
0.8543875917284479
0.9224400628733339
0.4554831729473625
0.7966700699305804
0.4599145447449118
0.6532566086869709
0.5118715082444348
0.4837160024134671
0.6758716502553397
0.8218091718259548
0.45029144488385153
0.40262583869289403
0.7013753423590834
0.3828408855772476
0.8303662384944859
0.9508764155018706
0.9088672696608258
0.7864986409707593
0.7581041148994601
0.9360436441279119
0.6067726281158242
0.8907146524003315
0.7873995377767687
0.83295708222016
0.46566764145540507
0.6072339102534782
0.8149392776615361
0.8973401306292158
0.6902786961469201
0.789530512016727
0.7474647418815478
0.7003052557764989
0.6700477115169274
0.46236733916552786
0.4281756439709561
0.8033308306030951
0.8471253570756694
0.726611917236827
0.8520197712638449
0.7945600247104079
0.8054408658228396
0.7540523197832907
0.7965554584067609
0.7848750375103941
0.9105922414351246
0.8916733228136151
0.5838994199055884
0.8534000291115036
0.4264256448334306
0.5700511178805869
0.5326998305318709
0.8075178093328588
0.502228101518041
0.7015049715399339
0.8007073411976602
0.832076206640362
0.5212054480342648
0.7445706815967313
0.6687239989254887
0.735024542985974
0.7207195880333952
0.552418464237349
0.4666903341640145
0.8554628478409684
0.1964920159912188
0.9064864655760343
0.6603095997853419
0.6621363650994617
0.7822526522685038
0.6005286748722372
0.7785150953096656
0.4273468378362735
0.8378363149715369
0.9640120545716033
0.24557890795422288
0.7531562008719044
0.5217095655682299
0.8022616165071972
0.6220099920112504
0.6432294449974507
0.7730669927721366
0.6931730642282635
0.8804126128304163
0.5583846536232651
0.458149558113482
0.7970534119709726
0.964090716462175
0.8633621536913104
0.7298546037567967
0.5439118120414836
0.6303215430448725
0.8328049853596794
0.5205620934677327
0.7866490784604872
0.7191233071687932
0.4719061405241103
0.7044798203977833
0.8268576225081831
0.35899501223770747
0.726605461078488
0.7921285087963896
0.8470395265186262
0.9106005564211076
0.729689508590396
0.8703944896950013
0.713646946999813
0.8221577390950789
0.5210065614954549
0.8878677102945585
0.3429001811082524
0.7640652237597171
0.5778052973412725
0.49679896254247435
0.5735035755853661
0.888782474637427
0.7104816744523411
0.9037128332809522
0.832264507197907
0.5539103958622352
0.5082735112821853
0.7159634462750385
0.7844896400127672
0.7251607222793481
0.5161930791980676
0.6289963400208098
0.6596847420782167
0.44330783726513046
0.6111921302261735
0.7720538300036054
0.694458732469193
0.5185708389912995
0.7848910152778972
0.455585386882296
0.8198341683440991
0.2044453617003723
0.8030588603023995
0.8979764142056205
0.4829642104292413
0.8629262777476415
0.5294043076023968
0.6490908889435195
0.705580703469997
0.5768247414137335
0.7484696646627351
0.7219022649407684
0.8600397035485777
0.759301192195281
0.392629157664782
0.7873961706548076
0.6685481288208701
0.8698441454432309
0.7356949210942927
0.8839936265419268
0.749661317424465
0.7350096598022977
0.6367888121806706
0.7681122916851194
0.8249893609964469
0.9031473684484723
0.7597880125501146
0.3345813668874137
0.5718456323731731
0.7171901489518657
0.6199628198307168
0.583575766619926
0.8142806315630344
0.6326403569818326
0.867963027747983
0.9416643855225528
0.9338531049548058
0.8596738978011584
0.5362198783489747
0.546382541378886
0.9152397315437845
0.5812148412656996
0.38293509353344324
0.9552386477517091
0.7457568092875438
0.8594333895566862
0.8636417096943922
0.7116895364920781
0.7650513405128407
0.8521231553612013
0.5837109679863479
0.3736287971708646
0.4789057515935764
0.9026462207425837
0.6140435857602826
0.7908552171525065
0.7305445691554548
0.7407456560037615
0.777917430871901
0.507216964188726
0.6410305861318202
0.6544191946755593
0.5379363547428524
0.7859177599428462
0.9312853153703846
0.38778290909757684
0.5214350344085659
0.16165448853938313
0.8630339422739923
0.6561631828052572
0.8534432258548179
0.5594498973300106
0.8481486003227848
0.7852440285751772
0.6831574669219421
0.5459609136531072
0.6226733569209815
0.8425766872998873
0.3115380453917891
0.5420859775039876
0.6862471711519846
0.8089840892371672
0.7543514020738782
0.8322356457418317
0.6681099394527495
0.7274553802346035
0.6006634388963175
0.7026293772132008
0.8639291885862886
0.747575047659909
0.6530129268831482
0.5784792213030444
0.5443244053075185
0.7054930357565634
0.3438880810386741
0.945481669492487
0.8255278898550551
0.8167777352590195
0.769989365038183
0.7643332384733069
0.7068523542321494
0.682677736572622
0.7559627380579523
0.5018937705479537
0.22144146335103865
0.8929436046302339
0.8240297144494475
0.342909423959771
0.8612484143050159
0.41933557850069203
0.891905229167648
0.5729370019154834
0.7872540031394786
0.8599559658891787
0.6974020463210391
0.8451809594195291
0.7644435199243547
0.6286890355291741
0.760373394909837
0.6541552217092432
0.7387262087716342
0.6081792208730822
0.6445428710157375
0.5572196378550662
0.7065560989073549
0.9016391041242648
0.7829040850124169
0.741323121774226
0.9581802020037694
0.7867766391284656
0.7440631452044134
0.5001904913835585
0.8100214006203645
0.8422982046115932
0.9231641805956003
0.31489197038085437
0.7347295129680126
0.4931954840024796
0.6110773160689249
0.8775312682751233
0.5326005155507528
0.6997306693476638
0.5426900591644466
0.8190798110761693
0.5127791015662766
0.2933753892215941
0.7169947975134001
